(title "Turbulent Kinetic Energy (k)")
(labels "Position" "Turbulent Kinetic Energy (k)")

((xy/key/label "x112")
0	6.1374
0.00365465	6.14062
0.00701693	6.14907
0.0101102	6.16109
0.0129561	6.17524
0.0155742	6.19035
0.0179829	6.20557
0.020199	6.22027
0.0222377	6.23406
0.0241133	6.2467
0.0258389	6.25808
0.0274264	6.26817
0.028887	6.277
0.0302307	6.28464
0.0314669	6.29119
0.0326042	6.29674
0.0336505	6.30142
0.0346131	6.30531
0.0354987	6.30852
0.0363135	6.31114
0.037063	6.31326
0.0377526	6.31495
0.0383871	6.31628
0.0389708	6.3173
0.0395078	6.31807
0.0400018	6.31862
0.0406683	6.31913
0.0413349	6.31937
0.0420014	6.31932
0.042668	6.31899
0.0433345	6.31836
0.0440011	6.31742
0.0446676	6.31618
0.0453342	6.31462
0.0460007	6.31273
0.0466673	6.31053
0.0473338	6.30799
0.0480004	6.30511
0.0486669	6.3019
0.0493335	6.29834
0.05	6.29443
0.051078	6.28736
0.0522476	6.27865
0.0535167	6.26792
0.0548936	6.25478
0.0563875	6.23874
0.0580084	6.21919
0.0597672	6.19547
0.0616754	6.16676
0.0637458	6.13211
0.0659921	6.09044
0.0684295	6.04049
0.071074	5.98083
0.0739432	5.90986
0.0770564	5.82581
0.0804342	5.72673
0.0840991	5.61058
0.0880755	5.47522
0.0923899	5.31851
0.0970711	5.13841
0.10215	4.93315
0.107661	4.7013
0.11364	4.44206
0.120127	4.1554
0.127166	3.84231
0.134803	3.50501
0.14309	3.14708
0.15208	2.77361
0.161835	2.39114
0.172419	2.0076
0.183903	1.63191
0.196362	1.2736
0.209881	0.942
0.224549	0.644996
0.240464	0.38692
0.257731	0.1754
0.276466	0.0441491
0.296794	0.0032416
0.318849	0.000852524
0.34278	0.000669053
0.368744	0.000500217
0.396915	0.000357714
0.427481	0.000254773
0.460645	0.000182946
0.496627	0.000132281
0.535669	9.66017e-05
0.578029	7.14329e-05
0.623989	5.40086e-05
0.673856	4.174e-05
0.727962	3.22683e-05
0.786667	2.62284e-05
)
