(title "Turbulent Kinetic Energy (k)")
(labels "Position" "Turbulent Kinetic Energy (k)")

((xy/key/label "x120")
0	5.46141
0.00365449	5.46345
0.00701662	5.4688
0.0101098	5.47645
0.0129555	5.48551
0.0155735	5.49524
0.0179821	5.50511
0.0201981	5.51472
0.0222367	5.52382
0.0241122	5.53224
0.0258378	5.53989
0.0274252	5.54676
0.0288857	5.55284
0.0302293	5.55817
0.0314655	5.56281
0.0326027	5.5668
0.033649	5.57022
0.0346116	5.57313
0.0354971	5.57559
0.0363118	5.57765
0.0370614	5.57936
0.037751	5.58078
0.0383854	5.58195
0.038969	5.5829
0.039506	5.58366
0.04	5.58428
0.0406667	5.58495
0.0413333	5.58546
0.042	5.58579
0.0426667	5.58593
0.0433333	5.58588
0.044	5.58564
0.0446667	5.5852
0.0453333	5.58455
0.046	5.5837
0.0466667	5.58263
0.0473333	5.58135
0.048	5.57985
0.0486667	5.57812
0.0493333	5.57616
0.05	5.57396
0.0510975	5.56984
0.0522883	5.56463
0.0535803	5.55809
0.0549821	5.54992
0.0565031	5.53977
0.0581534	5.52721
0.0599439	5.51174
0.0618867	5.49275
0.0639945	5.46953
0.0662816	5.44124
0.068763	5.4069
0.0714554	5.36536
0.0743766	5.31533
0.0775461	5.25531
0.080985	5.18368
0.0847163	5.0986
0.0887647	4.99814
0.0931572	4.88026
0.097923	4.7429
0.103094	4.58409
0.108704	4.40206
0.114792	4.19541
0.121397	3.96326
0.128563	3.70552
0.136338	3.42308
0.144775	3.11797
0.153928	2.79361
0.163859	2.45483
0.174635	2.1079
0.186326	1.7604
0.199011	1.42086
0.212775	1.09829
0.227708	0.801431
0.243911	0.537298
0.261491	0.309333
0.280565	0.127448
0.301261	0.0259756
0.323715	0.00142942
0.348079	0.000632853
0.374513	0.000504874
0.403194	0.000366689
0.434313	0.000261162
0.468077	0.000186385
0.504711	0.000134169
0.544459	9.72949e-05
0.587586	7.13835e-05
0.634378	5.34554e-05
0.685148	4.09204e-05
0.740233	3.15082e-05
0.8	2.54208e-05
)
