(title "Turbulent Kinetic Energy (k)")
(labels "Position" "Turbulent Kinetic Energy (k)")

((xy/key/label "x80")
0	8.98795
0.0036553	9.02044
0.00701818	9.10419
0.010112	9.21916
0.0129584	9.34843
0.015577	9.47932
0.0179862	9.60346
0.0202026	9.71597
0.0222417	9.81452
0.0241176	9.89856
0.0258435	9.9686
0.0274314	10.0258
0.0288922	10.0715
0.0302361	10.1072
0.0314725	10.1345
0.03261	10.1546
0.0336565	10.1687
0.0346193	10.1781
0.0355051	10.1834
0.03632	10.1856
0.0370697	10.1853
0.0377594	10.1831
0.0383939	10.1794
0.0389777	10.1745
0.0395148	10.1689
0.0400089	10.1627
0.040675	10.1528
0.0413411	10.1412
0.0420072	10.1279
0.0426732	10.1129
0.0433393	10.0962
0.0440054	10.0778
0.0446714	10.0577
0.0453375	10.036
0.0460036	10.0127
0.0466696	9.98779
0.0473357	9.96132
0.0480018	9.9333
0.0486679	9.90375
0.0493339	9.87272
0.05	9.84019
0.051	9.78872
0.0520849	9.72936
0.0532621	9.66087
0.0545393	9.582
0.0559251	9.4913
0.0574286	9.38717
0.05906	9.26787
0.0608301	9.13151
0.0627506	8.97608
0.0648343	8.79948
0.0670952	8.59953
0.0695482	8.37409
0.0722098	8.12104
0.0750976	7.8385
0.0782308	7.52482
0.0816304	7.17883
0.0853189	6.79994
0.089321	6.38834
0.0936632	5.94517
0.0983745	5.47273
0.103486	4.97464
0.109033	4.45597
0.11505	3.92329
0.12158	3.38464
0.128664	2.84942
0.13635	2.32807
0.14469	1.8316
0.153738	1.37094
0.163556	0.955609
0.174208	0.591709
0.185766	0.288429
0.198306	0.0868136
0.211912	0.0117886
0.226674	0.00333163
0.242692	0.00262651
0.260071	0.0021588
0.278926	0.00164419
0.299385	0.00118542
0.321583	0.0008306
0.345667	0.000576317
0.371799	0.000400631
0.400152	0.000280332
0.430915	0.000197704
0.464292	0.000140658
0.500507	0.000101098
0.5398	7.35404e-05
0.582433	5.4543e-05
0.62869	4.13636e-05
0.678879	3.13778e-05
0.733333	2.48638e-05
)
