(title "Turbulent Kinetic Energy (k)")
(labels "Position" "Turbulent Kinetic Energy (k)")

((xy/key/label "horizontale")
0.1475	1.35288
0.148223	1.35197
0.152755	1.34627
0.157405	1.34041
0.162176	1.33438
0.167071	1.32819
0.172093	1.32183
0.177245	1.3153
0.182532	1.30861
0.187956	1.30174
0.193521	1.29471
0.199231	1.28752
0.205089	1.28016
0.2111	1.27265
0.217267	1.26499
0.223594	1.25719
0.230086	1.24927
0.236746	1.24123
0.24358	1.23309
0.250591	1.22488
0.257785	1.21663
0.265165	1.20838
0.272738	1.20017
0.280507	1.19206
0.288479	1.18414
0.296658	1.1765
0.305049	1.16925
0.313658	1.16255
0.322492	1.1567
0.331555	1.15176
0.340854	1.14809
0.350394	1.14686
0.360182	1.14837
0.370225	1.15265
0.38053	1.16081
0.391102	1.17438
0.401948	1.19538
0.413077	1.22652
0.424496	1.27147
0.436211	1.33527
0.448231	1.42492
0.460563	1.54988
0.473216	1.72203
0.486198	1.95546
0.499517	2.26492
0.513183	2.66229
0.527204	3.15187
0.541589	3.72653
0.556349	4.3662
0.571492	5.04155
0.587029	5.72053
0.60297	6.37301
0.619326	6.97456
0.636106	7.50832
0.653323	7.96452
0.670988	8.33911
0.689112	8.63233
0.707707	8.84717
0.726786	8.9889
0.74636	9.06379
0.766444	9.0784
0.78705	9.03985
0.8	8.98795
)
