(title "Velocity Magnitude")
(labels "Position" "Velocity Magnitude")

((xy/key/label "x112")
0	8.57453
0.00365465	8.56574
0.00701693	8.54223
0.0101102	8.50774
0.0129561	8.46538
0.0155742	8.41765
0.0179829	8.36657
0.020199	8.31372
0.0222377	8.26032
0.0241133	8.2073
0.0258389	8.15534
0.0274264	8.10495
0.028887	8.05649
0.0302307	8.01018
0.0314669	7.96616
0.0326042	7.92452
0.0336505	7.88526
0.0346131	7.84836
0.0354987	7.81378
0.0363135	7.78145
0.037063	7.75126
0.0377526	7.72314
0.0383871	7.69697
0.0389708	7.67264
0.0395078	7.65006
0.0400018	7.62912
0.0406683	7.60062
0.0413349	7.57183
0.0420014	7.54277
0.042668	7.51344
0.0433345	7.48386
0.0440011	7.45401
0.0446676	7.42392
0.0453342	7.39359
0.0460007	7.36303
0.0466673	7.33224
0.0473338	7.30122
0.0480004	7.27
0.0486669	7.23856
0.0493335	7.20693
0.05	7.1751
0.051078	7.12324
0.0522476	7.06645
0.0535167	7.00425
0.0548936	6.93612
0.0563875	6.86151
0.0580084	6.77982
0.0597672	6.6904
0.0616754	6.59257
0.0637458	6.48561
0.0659921	6.36877
0.0684295	6.24127
0.071074	6.10232
0.0739432	5.95114
0.0770564	5.78697
0.0804342	5.60908
0.0840991	5.41685
0.0880755	5.20973
0.0923899	4.98737
0.0970711	4.74958
0.10215	4.49643
0.107661	4.22833
0.11364	3.94601
0.120127	3.65065
0.127166	3.34391
0.134803	3.02796
0.14309	2.70557
0.15208	2.38009
0.161835	2.05547
0.172419	1.73629
0.183903	1.42775
0.196362	1.13574
0.209881	0.867008
0.224549	0.629826
0.240464	0.436002
0.257731	0.307734
0.276466	0.251116
0.296794	0.230834
0.318849	0.215101
0.34278	0.19948
0.368744	0.184492
0.396915	0.170177
0.427481	0.156945
0.460645	0.144557
0.496627	0.133047
0.535669	0.122339
0.578029	0.112456
0.623989	0.103643
0.673856	0.0955062
0.727962	0.0876115
0.786667	0.0836313
)
