(title "Velocity Magnitude")
(labels "Position" "Velocity Magnitude")

((xy/key/label "x120")
0	7.90223
0.00365449	7.89548
0.00701662	7.87741
0.0101098	7.85086
0.0129555	7.81819
0.0155735	7.78133
0.0179821	7.74179
0.0201981	7.70079
0.0222367	7.65928
0.0241122	7.61797
0.0258378	7.57741
0.0274252	7.53799
0.0288857	7.5
0.0302293	7.46363
0.0314655	7.429
0.0326027	7.39618
0.033649	7.3652
0.0346116	7.33603
0.0354971	7.30867
0.0363118	7.28304
0.0370614	7.25909
0.037751	7.23675
0.0383854	7.21594
0.038969	7.19658
0.039506	7.17859
0.04	7.1619
0.0406667	7.13914
0.0413333	7.11614
0.042	7.0929
0.0426667	7.06942
0.0433333	7.0457
0.044	7.02175
0.0446667	6.99758
0.0453333	6.97318
0.046	6.94858
0.0466667	6.92376
0.0473333	6.89873
0.048	6.87351
0.0486667	6.84809
0.0493333	6.82248
0.05	6.79668
0.0510975	6.75382
0.0522883	6.70679
0.0535803	6.65516
0.0549821	6.59848
0.0565031	6.53624
0.0581534	6.46791
0.0599439	6.39289
0.0618867	6.31055
0.0639945	6.22021
0.0662816	6.12117
0.068763	6.01266
0.0714554	5.89392
0.0743766	5.76415
0.0775461	5.62255
0.080985	5.46835
0.0847163	5.30081
0.0887647	5.11929
0.0931572	4.92321
0.097923	4.71219
0.103094	4.48602
0.108704	4.24475
0.114792	3.98876
0.121397	3.71877
0.128563	3.43595
0.136338	3.14195
0.144775	2.83897
0.153928	2.52977
0.163859	2.21775
0.174635	1.90689
0.186326	1.60179
0.199011	1.3077
0.212775	1.03053
0.227708	0.777163
0.243911	0.556108
0.261491	0.380448
0.280565	0.273471
0.301261	0.231679
0.323715	0.215098
0.348079	0.200183
0.374513	0.185023
0.403194	0.170655
0.434313	0.157028
0.468077	0.144426
0.504711	0.132648
0.544459	0.121704
0.587586	0.11159
0.634378	0.102544
0.685148	0.094232
0.740233	0.0863072
0.8	0.082333
)
