(title "Velocity Magnitude")
(labels "Position" "Velocity Magnitude")

((xy/key/label "x20")
0	20.0885
0.00365653	20.0859
0.00702054	20.0787
0.0101154	20.0674
0.0129627	20.0521
0.0155822	20.0319
0.0179922	20.0051
0.0202093	19.9669
0.0222491	19.9057
0.0241257	19.7942
0.0258522	19.5787
0.0274406	19.1957
0.0289018	18.634
0.0302462	17.9557
0.0314831	17.2382
0.0326209	16.5306
0.0336678	15.8572
0.0346309	15.2284
0.035517	14.6478
0.0363321	14.1151
0.0370821	13.6284
0.0377721	13.1847
0.0384068	12.7808
0.0389908	12.4134
0.0395281	12.0793
0.0400224	11.7757
0.0406875	11.3729
0.0413527	10.9767
0.0420179	10.5877
0.0426831	10.2062
0.0433482	9.83232
0.0440134	9.46631
0.0446786	9.10828
0.0453438	8.75834
0.0460089	8.41656
0.0466741	8.08297
0.0473393	7.75761
0.0480045	7.44048
0.0486696	7.13157
0.0493348	6.83084
0.05	6.53818
0.0508536	6.17442
0.0517798	5.79471
0.0527847	5.40001
0.053875	4.99178
0.055058	4.57195
0.0563415	4.14297
0.0577342	3.70792
0.0592452	3.27053
0.0608846	2.83533
0.0626635	2.40774
0.0645935	1.99431
0.0666875	1.60308
0.0689596	1.24438
0.0714248	0.932412
0.0740995	0.690552
0.0770015	0.545138
0.0801503	0.483823
0.0835667	0.458439
0.0872735	0.439289
0.0912953	0.420437
0.095659	0.401636
0.100394	0.382986
0.105531	0.364657
0.111104	0.346679
0.117152	0.329093
0.123714	0.311932
0.130833	0.295223
0.138557	0.278991
0.146938	0.26325
0.156032	0.248012
0.165898	0.233283
0.176603	0.219062
0.188218	0.205343
0.20082	0.192114
0.214493	0.179357
0.229328	0.167049
0.245425	0.155159
0.26289	0.143653
0.281839	0.132484
0.302399	0.121599
0.324706	0.110919
0.34891	0.100359
0.375171	0.0898226
0.403664	0.0793688
0.434579	0.0693044
0.468122	0.0605066
0.504516	0.0532679
0.544004	0.047691
0.586848	0.0430919
0.633333	0.0405678
)
