(title "Velocity Magnitude")
(labels "Position" "Velocity Magnitude")

((xy/key/label "x80")
0	12.7735
0.0036553	12.7395
0.00701818	12.6492
0.010112	12.5187
0.0129584	12.3612
0.015577	12.1877
0.0179862	12.0061
0.0202026	11.8225
0.0222417	11.6412
0.0241176	11.4652
0.0258435	11.2964
0.0274314	11.1359
0.0288922	10.9844
0.0302361	10.8422
0.0314725	10.7092
0.03261	10.5853
0.0336565	10.47
0.0346193	10.3631
0.0355051	10.2641
0.03632	10.1725
0.0370697	10.0878
0.0377594	10.0096
0.0383939	9.9375
0.0389777	9.87098
0.0395148	9.80966
0.0400089	9.75316
0.040675	9.67688
0.0413411	9.60049
0.0420072	9.52401
0.0426732	9.44746
0.0433393	9.37086
0.0440054	9.29424
0.0446714	9.21761
0.0453375	9.141
0.0460036	9.06442
0.0466696	8.98789
0.0473357	8.91143
0.0480018	8.83505
0.0486679	8.75877
0.0493339	8.68261
0.05	8.60658
0.051	8.49273
0.0520849	8.36963
0.0532621	8.23663
0.0545393	8.09305
0.0559251	7.93821
0.0574286	7.77143
0.05906	7.59204
0.0608301	7.39936
0.0627506	7.19279
0.0648343	6.97176
0.0670952	6.73577
0.0695482	6.48445
0.0722098	6.21756
0.0750976	5.93504
0.0782308	5.63702
0.0816304	5.32392
0.0853189	4.99643
0.089321	4.65559
0.0936632	4.30286
0.0983745	3.94011
0.103486	3.56971
0.109033	3.19454
0.11505	2.81804
0.12158	2.4442
0.128664	2.07762
0.13635	1.72354
0.14469	1.38789
0.153738	1.07758
0.163556	0.801034
0.174208	0.569749
0.185766	0.404757
0.198306	0.320928
0.211912	0.289863
0.226674	0.27098
0.242692	0.25314
0.260071	0.235769
0.278926	0.21897
0.299385	0.2032
0.321583	0.188368
0.345667	0.174443
0.371799	0.161391
0.400152	0.149186
0.430915	0.137798
0.464292	0.12721
0.500507	0.117381
0.5398	0.10828
0.582433	0.100106
0.62869	0.0926446
0.678879	0.0852779
0.733333	0.0814262
)
