(title "Velocity Magnitude")
(labels "Position" "Velocity Magnitude")

((xy/key/label "horizontale")
0.1475	20.1019
0.148223	20.1017
0.152755	20.1006
0.157405	20.0995
0.162176	20.0983
0.167071	20.097
0.172093	20.0957
0.177245	20.0944
0.182532	20.0931
0.187956	20.0916
0.193521	20.0902
0.199231	20.0887
0.205089	20.0871
0.2111	20.0855
0.217267	20.0838
0.223594	20.0821
0.230086	20.0802
0.236746	20.0783
0.24358	20.0764
0.250591	20.0743
0.257785	20.0721
0.265165	20.0698
0.272738	20.0673
0.280507	20.0646
0.288479	20.0617
0.296658	20.0586
0.305049	20.0551
0.313658	20.0513
0.322492	20.0469
0.331555	20.042
0.340854	20.0362
0.350394	20.0296
0.360182	20.0216
0.370225	20.0122
0.38053	20.0007
0.391102	19.9867
0.401948	19.9692
0.413077	19.9472
0.424496	19.9193
0.436211	19.8833
0.448231	19.8365
0.460563	19.7752
0.473216	19.6943
0.486198	19.588
0.499517	19.4495
0.513183	19.2722
0.527204	19.051
0.541589	18.7842
0.556349	18.4736
0.571492	18.1234
0.587029	17.7402
0.60297	17.3318
0.619326	16.9059
0.636106	16.4688
0.653323	16.0257
0.670988	15.5808
0.689112	15.1376
0.707707	14.6985
0.726786	14.2656
0.74636	13.8404
0.766444	13.4238
0.78705	13.0167
0.8	12.7735
)
